Player,Team,Pos,G,AB,R,H,2B,3B,HR,RBI,SB,CS,BB,SO,SH,SF,HBP,AVG,OBP,SLG,OPS
Whit Merrifield,KC,2B,162,681,105,206,41,10,16,74,20,10,45,126,0,4,5,.302,.348,.463,.811
Marcus Semien,OAK,SS,162,657,123,187,43,7,33,92,10,8,87,102,0,1,2,.285,.369,.522,.891
Rafael Devers,BOS,3B,156,647,129,201,54,4,32,115,8,8,48,119,1,2,4,.311,.361,.555,.916
Jonathan Villar,BAL,2B,162,642,111,176,33,5,24,73,40,9,61,176,2,4,4,.274,.339,.453,.792
Ozzie Albies,ATL,2B,160,640,102,189,43,8,24,86,15,4,54,112,0,4,4,.295,.352,.500,.852
Eduardo Escobar,ARI,2B,158,636,94,171,29,10,35,118,5,1,50,130,0,10,3,.269,.320,.511,.831
Starlin Castro,MIA,2B,162,636,68,172,31,4,22,86,2,2,28,111,0,9,3,.270,.300,.436,.736
Jose Abreu,CWS,1B,159,634,85,180,38,1,33,123,2,2,36,152,0,10,13,.284,.330,.503,.833
Jorge Polanco,MIN,SS,153,631,107,186,40,7,22,79,4,3,60,116,2,7,4,.295,.356,.485,.841
Ronald Acuna,ATL,OF,156,626,127,175,22,2,41,101,37,9,76,188,0,1,9,.280,.365,.518,.883
Eric Hosmer,SD,1B,160,619,72,164,29,2,22,99,0,3,40,163,0,5,3,.265,.310,.425,.735
Amed Rosario,NYM,SS,157,616,75,177,30,7,15,72,19,10,31,124,2,3,3,.287,.323,.432,.755
Xander Bogaerts,BOS,SS,155,614,110,190,52,0,33,117,4,2,76,122,0,6,2,.309,.384,.555,.939
Cesar Hernandez,PHI,2B,161,612,77,171,31,3,14,71,9,2,45,100,0,4,6,.279,.333,.408,.741
DJ LeMahieu,NYY,2B,145,602,109,197,33,2,26,102,5,2,46,90,1,4,2,.327,.375,.518,.893
Trey Mancini,BAL,1B,154,602,106,175,38,2,35,97,1,0,63,143,0,5,9,.291,.364,.535,.899
Elvis Andrus,TEX,SS,147,600,81,165,27,4,12,72,31,8,34,96,0,10,4,.275,.313,.393,.706
Francisco Lindor,CLE,SS,143,598,101,170,40,2,32,74,22,5,46,98,1,6,3,.284,.335,.518,.853
Mookie Betts,BOS,OF,150,597,135,176,40,5,29,80,16,3,97,101,0,9,3,.295,.391,.524,.915
Freddie Freeman,ATL,1B,158,597,113,176,34,2,38,121,6,3,87,127,0,2,6,.295,.389,.549,.938
Pete Alonso,NYM,1B,161,597,103,155,30,2,53,120,1,0,72,183,0,3,21,.260,.358,.583,.941
Paul Goldschmidt,STL,1B,161,597,97,155,25,1,34,97,3,1,78,166,0,3,2,.260,.346,.476,.822
David Fletcher,LAA,2B,154,596,83,173,30,4,6,49,8,3,55,64,1,1,0,.290,.350,.384,.734
Kevin Pillar,SF,OF,156,595,82,157,37,3,21,87,14,5,18,86,0,6,9,.264,.293,.442,.735
Jorge Soler,KC,OF,162,589,95,156,33,1,48,117,3,1,73,178,0,4,10,.265,.354,.569,.923
Nolan Arenado,COL,3B,155,588,102,185,31,2,41,118,3,2,62,93,0,8,4,.315,.379,.583,.962
Trevor Story,COL,SS,145,588,111,173,38,5,35,85,23,8,58,174,0,3,7,.294,.363,.554,.917
Manny Machado,SD,SS,156,587,81,150,21,2,32,85,5,3,65,128,0,3,6,.256,.334,.462,.796
Randal Grichuk,TOR,OF,151,586,75,136,29,5,31,80,2,1,35,163,0,2,5,.232,.280,.457,.737
Paul DeJong,STL,SS,159,583,97,136,31,1,30,78,9,5,62,149,0,6,13,.233,.318,.444,.762
Matt Chapman,OAK,3B,156,583,102,145,36,3,36,91,1,1,73,147,0,3,11,.249,.342,.506,.848
Charlie Blackmon,COL,OF,140,580,112,182,42,7,32,86,2,5,40,104,0,5,9,.314,.364,.576,.940
Leury Garcia,CWS,OF,140,577,93,161,27,3,8,40,15,5,21,139,11,3,6,.279,.310,.378,.688
Jean Segura,PHI,SS,144,576,79,161,37,4,12,60,10,2,30,73,1,3,8,.280,.323,.420,.743
J.D. Martinez,BOS,OF,146,575,98,175,33,2,36,105,2,0,72,138,0,5,4,.304,.383,.557,.940
Michael Brantley,HOU,OF,148,575,88,179,40,2,22,90,3,2,51,66,0,4,7,.311,.372,.503,.875
Eugenio Suarez,CIN,3B,159,575,87,156,22,2,49,103,3,2,70,189,0,6,11,.271,.358,.572,.930
Carlos Santana,CLE,1B,158,573,110,161,30,1,34,93,4,0,108,108,0,2,3,.281,.397,.515,.912
Bryce Harper,PHI,OF,157,573,98,149,36,1,35,114,15,3,99,178,0,4,6,.260,.372,.510,.882
Rhys Hoskins,PHI,1B,160,570,86,129,33,5,29,85,2,2,116,173,0,6,11,.226,.364,.454,.818
Ketel Marte,ARI,2B,144,569,97,187,36,9,32,92,10,2,53,86,0,2,4,.329,.389,.592,.981
Tommy Pham,TB,OF,145,567,77,155,33,2,21,68,25,4,81,123,0,1,5,.273,.369,.450,.819
Adam Eaton,WAS,OF,151,566,103,158,25,7,15,49,15,3,65,106,9,3,13,.279,.365,.428,.793
Yuli Gurriel,HOU,1B,144,564,85,168,40,2,31,104,5,3,37,65,0,6,5,.298,.343,.541,.884
Shin-Soo Choo,TEX,OF,151,563,93,149,31,2,24,61,15,1,78,165,0,1,18,.265,.371,.455,.826
Eddie Rosario,MIN,OF,137,562,91,155,28,1,32,109,3,1,22,86,0,6,0,.276,.300,.500,.800
Lorenzo Cain,MIL,OF,148,562,75,146,30,0,11,48,18,8,50,106,0,4,6,.260,.325,.372,.697
Cody Bellinger,LAD,1B,156,558,121,170,34,3,47,115,15,5,95,108,0,4,3,.305,.406,.629,1.035
Alex Gordon,KC,OF,150,556,77,148,31,1,13,76,5,3,51,100,1,6,19,.266,.345,.396,.741
Nick Ahmed,ARI,SS,158,556,79,141,33,6,19,82,8,2,52,113,1,12,4,.254,.316,.437,.753
Alex Bregman,HOU,SS,156,554,122,164,37,2,41,112,5,1,119,83,0,8,9,.296,.423,.592,1.015
Adam Frazier,PIT,2B,152,554,80,154,33,7,10,50,5,5,40,75,4,1,9,.278,.336,.417,.753
Kole Calhoun,LAA,OF,152,552,92,128,29,1,33,74,4,1,70,162,0,2,7,.232,.325,.467,.792
Josh Donaldson,ATL,3B,155,549,96,142,33,0,37,94,4,2,100,155,0,2,8,.259,.379,.521,.900
Michael Conforto,NYM,OF,151,549,90,141,29,1,33,92,7,2,84,149,0,5,10,.257,.363,.494,.857
Gleyber Torres,NYY,SS,144,546,96,152,26,0,38,90,5,2,48,129,1,6,3,.278,.337,.535,.872
Victor Robles,WAS,OF,155,546,86,139,33,3,17,65,28,9,35,140,6,5,25,.255,.326,.419,.745
Anthony Rendon,WAS,3B,146,545,117,174,44,3,34,126,5,1,80,86,0,9,12,.319,.412,.598,1.010
Kris Bryant,CHC,3B,147,543,108,153,35,1,31,77,4,0,74,145,0,2,15,.282,.382,.521,.903
Juan Soto,WAS,OF,150,542,110,153,32,5,34,110,12,1,108,132,0,6,3,.282,.401,.548,.949
Renato Nunez,BAL,1B,151,541,72,132,24,0,31,90,1,1,44,143,0,4,10,.244,.311,.460,.771
Andrew Benintendi,BOS,OF,138,541,72,144,40,5,13,68,10,3,59,140,3,5,7,.266,.343,.431,.774
Starling Marte,PIT,OF,132,539,97,159,31,6,23,82,25,6,25,94,2,4,16,.295,.342,.503,.845
J.T. Realmuto,PHI,C,145,538,92,148,36,3,25,83,9,1,41,123,0,8,5,.275,.328,.493,.821
Javier Baez,CHC,SS,138,531,89,149,38,4,29,85,11,7,28,156,0,2,0,.281,.316,.531,.847
Willy Adames,TB,SS,152,531,69,135,25,1,20,52,4,2,46,153,3,1,3,.254,.317,.418,.735
Austin Meadows,TB,OF,138,530,83,154,29,7,33,89,12,7,54,131,0,0,7,.291,.364,.558,.922
Kyle Schwarber,CHC,OF,155,529,82,132,29,3,38,92,2,3,70,156,0,6,5,.250,.339,.531,.870
Christian Walker,ARI,1B,152,529,86,137,26,1,29,73,8,1,67,155,0,1,6,.259,.348,.476,.824
Josh Bell,PIT,1B,143,527,94,146,37,3,37,116,0,1,74,118,0,7,5,.277,.367,.569,.936
Brandon Belt,SF,1B,156,526,76,123,32,3,17,57,4,3,83,127,0,4,3,.234,.339,.403,.742
Joey Votto,CIN,1B,142,525,79,137,32,1,15,47,5,0,76,123,0,3,4,.261,.357,.411,.768
Hanser Alberto,BAL,2B,139,524,62,160,21,2,12,51,4,4,16,50,3,3,4,.305,.329,.422,.751
Max Kepler,MIN,OF,134,524,98,132,32,0,36,90,1,5,60,99,0,4,8,.252,.336,.519,.855
Mike Moustakas,MIL,2B,143,523,80,133,30,1,35,87,3,0,53,98,0,2,6,.254,.329,.516,.845
Hunter Dozier,KC,3B,139,523,75,146,29,10,26,84,2,2,55,148,0,5,3,.279,.348,.522,.870
Rougned Odor,TEX,2B,145,522,77,107,30,1,30,93,11,9,52,178,1,1,5,.205,.283,.439,.722
Trea Turner,WAS,SS,122,521,96,155,37,5,19,57,35,5,43,113,0,2,3,.298,.353,.497,.850
Yasmani Grandal,MIL,C,153,513,79,126,26,2,28,77,5,1,109,139,0,5,5,.246,.380,.468,.848
Jason Heyward,CHC,OF,147,513,78,129,20,4,21,62,8,3,68,110,0,3,5,.251,.343,.429,.772
Anthony Rizzo,CHC,1B,146,512,89,150,29,3,27,94,5,2,71,86,0,3,27,.293,.405,.520,.925
Yoan Moncada,CWS,3B,132,511,83,161,34,5,25,79,10,3,40,154,1,3,4,.315,.367,.548,.915
Mallex Smith,SEA,OF,134,510,70,116,19,9,6,37,46,9,42,141,2,1,11,.227,.300,.335,.635
Jeff McNeil,NYM,2B,133,510,83,162,38,1,23,75,5,6,35,75,0,1,21,.318,.384,.531,.915
Jose Iglesias,CIN,SS,146,504,62,145,21,3,11,59,6,6,20,70,1,2,3,.288,.318,.407,.725
Josh Reddick,HOU,OF,141,501,57,138,19,3,14,56,5,2,36,66,1,9,0,.275,.319,.409,.728
Jose Altuve,HOU,2B,124,500,89,149,27,3,31,74,6,5,41,82,1,3,3,.298,.353,.550,.903
Brandon Crawford,SF,SS,147,500,58,114,24,2,11,59,3,2,53,117,0,4,3,.228,.304,.350,.654
Tim Anderson,CWS,SS,123,498,81,167,32,0,18,56,17,5,15,109,0,2,3,.335,.357,.508,.865
Yolmer Sanchez,CWS,2B,149,496,59,125,20,4,2,43,5,4,44,117,7,3,5,.252,.318,.321,.639
Jackie Bradley Jr.,BOS,OF,147,494,69,111,28,3,21,62,8,6,56,155,3,2,12,.225,.317,.421,.738
Orlando Arcia,MIL,SS,152,494,51,110,16,1,15,59,8,5,43,109,2,6,1,.223,.283,.350,.633
Kevin Newman,PIT,2B,130,493,61,152,20,6,12,64,16,8,28,62,2,1,7,.308,.353,.446,.799
Miguel Cabrera,DET,1B,136,493,41,139,21,0,12,59,0,0,48,108,0,5,3,.282,.346,.398,.744
Albert Pujols,LAA,1B,131,491,55,120,22,0,23,93,3,0,43,68,0,8,3,.244,.305,.430,.735
Bryan Reynolds,PIT,OF,134,491,83,154,37,4,16,68,3,2,46,121,0,3,6,.314,.377,.503,.880
Brett Gardner,NYY,OF,141,491,86,123,26,7,28,74,10,2,52,108,0,3,4,.251,.325,.503,.828
Christian Yelich,MIL,OF,130,489,100,161,29,3,44,97,30,2,80,118,0,3,8,.329,.429,.671,1.100
Corey Seager,LAD,SS,134,489,82,133,44,1,19,87,1,0,44,98,0,4,4,.272,.335,.483,.818
Avisail Garcia,TB,OF,125,489,61,138,25,2,20,72,10,4,31,125,0,3,7,.282,.332,.464,.796
Dexter Fowler,STL,OF,150,487,69,116,24,1,19,67,8,5,74,142,1,4,8,.238,.346,.409,.755
Max Muncy,LAD,2B,141,487,101,122,22,1,35,98,4,1,90,149,0,4,8,.251,.374,.515,.889
Adam Jones,ARI,OF,137,485,66,126,25,1,16,67,2,1,31,101,0,3,8,.260,.313,.414,.727
Marcell Ozuna,STL,OF,130,485,80,117,23,1,29,89,12,2,62,114,0,1,1,.241,.328,.472,.800
Dansby Swanson,ATL,SS,127,483,77,121,26,3,17,65,10,5,51,124,1,5,5,.251,.325,.422,.747
Miguel Rojas,MIA,SS,132,483,52,137,29,1,5,46,9,5,32,62,1,5,5,.284,.331,.379,.710
Matt Olson,OAK,1B,127,483,73,129,26,0,36,91,0,0,51,138,0,1,12,.267,.351,.545,.896
Christian Vazquez,BOS,C,138,482,66,133,26,1,23,72,4,2,33,101,3,3,0,.276,.320,.477,.797
Jose Ramirez,CLE,3B,129,482,68,123,33,3,23,83,24,4,52,74,0,6,2,.255,.327,.479,.806
Khris Davis,OAK,DH,133,481,61,106,11,0,23,73,0,0,47,146,0,2,3,.220,.293,.387,.680
Ryan McMahon,COL,2B,141,480,70,120,22,1,24,83,5,1,56,160,1,1,1,.250,.329,.450,.779
George Springer,HOU,OF,122,479,96,140,20,3,39,96,6,2,67,113,0,4,6,.292,.383,.591,.974
Justin Turner,LAD,3B,135,479,80,139,24,0,27,67,2,0,51,88,0,5,14,.290,.372,.509,.881
Kolten Wong,STL,2B,148,478,61,136,25,4,11,59,24,4,47,83,6,5,13,.285,.361,.423,.784
Danny Santana,TEX,1B,130,474,81,134,23,6,28,81,21,6,25,151,0,5,6,.283,.324,.534,.858
Wilson Ramos,NYM,C,141,473,52,136,19,0,14,73,1,0,44,69,0,3,4,.288,.351,.416,.767
Mike Trout,LAA,OF,134,470,110,137,27,2,45,104,11,2,110,120,0,4,16,.291,.438,.645,1.083
Eloy Jimenez,CWS,OF,122,468,69,125,18,2,31,79,0,0,30,134,0,2,4,.267,.315,.513,.828
Colin Moran,PIT,3B,149,466,46,129,30,1,13,80,0,1,30,117,0,4,3,.277,.322,.429,.751
Vladimir Guerrero Jr.,TOR,3B,123,464,52,126,26,2,15,69,0,1,46,91,0,2,2,.272,.339,.433,.772
Daniel Vogelbach,SEA,1B,144,462,73,96,17,0,30,76,0,0,92,149,0,2,2,.208,.341,.439,.780
Jurickson Profar,OAK,2B,139,459,65,100,24,2,20,67,9,1,48,75,0,3,8,.218,.301,.410,.711
Ryan Braun,MIL,OF,144,459,70,131,31,2,22,75,11,1,34,105,0,3,8,.285,.343,.505,.848
Brian Anderson,MIA,3B,126,459,57,120,33,1,20,66,5,1,44,114,0,3,14,.261,.342,.468,.810
C.J. Cron,MIN,1B,125,458,51,116,24,0,25,78,0,0,29,107,0,2,10,.253,.311,.469,.780
Scott Kingery,PHI,3B,126,458,64,118,34,4,19,55,15,4,34,147,1,2,5,.258,.315,.474,.789
Jason Kipnis,CLE,2B,121,458,52,112,23,1,17,65,7,2,40,88,5,6,2,.245,.304,.410,.714
Nelson Cruz,MIN,DH,120,454,81,141,26,0,41,108,0,1,56,131,0,3,7,.311,.392,.639,1.031
Evan Longoria,SF,3B,129,453,59,115,19,2,20,69,3,1,43,112,0,5,7,.254,.325,.437,.762
Domingo Santana,SEA,OF,121,451,63,114,20,1,21,69,8,3,50,164,0,2,2,.253,.329,.441,.770
Joc Pederson,LAD,1B,149,450,83,112,16,3,36,74,1,1,50,111,0,2,12,.249,.339,.538,.877
Freddy Galvis,TOR,2B,115,450,55,120,24,1,18,54,4,1,21,112,1,1,0,.267,.299,.444,.743
Todd Frazier,NYM,3B,133,447,63,112,19,2,21,67,1,2,40,106,0,0,12,.251,.329,.443,.772
Kevin Kiermaier,TB,OF,129,447,60,102,20,7,14,55,19,5,26,104,1,1,5,.228,.278,.398,.676
Ian Desmond,COL,OF,140,443,64,113,31,4,20,65,3,3,34,119,1,2,2,.255,.310,.479,.789
Gio Urshela,NYY,3B,132,442,73,139,34,0,21,74,1,1,25,87,0,4,5,.314,.355,.534,.889
Hunter Renfroe,SD,OF,140,440,64,95,19,1,33,64,5,0,46,154,0,6,2,.216,.289,.489,.778
James McCann,CWS,C,118,439,62,120,26,1,18,60,4,1,30,137,1,0,6,.273,.328,.460,.788
Daniel Murphy,COL,1B,132,438,56,122,35,1,13,78,1,1,32,74,0,4,2,.279,.328,.452,.780
Oscar Mercado,CLE,OF,115,438,70,118,25,3,15,54,15,4,28,84,7,4,5,.269,.318,.443,.761
Wil Myers,SD,OF,155,435,58,104,22,1,18,53,16,7,51,168,1,1,2,.239,.321,.418,.739
Ramon Laureano,OAK,OF,123,434,79,125,29,0,24,67,13,2,27,123,1,8,11,.288,.340,.521,.861
Jonathan Schoop,MIN,2B,121,433,61,111,23,1,23,59,1,1,20,116,0,1,10,.256,.304,.473,.777
Jorge Alfaro,MIA,C,130,431,44,113,14,1,18,57,4,4,22,154,0,2,10,.262,.312,.425,.737
Luke Voit,NYY,1B,118,429,72,113,21,1,21,62,0,0,71,142,0,1,9,.263,.378,.464,.842
Nomar Mazara,TEX,OF,116,429,69,115,27,1,19,66,4,1,28,108,0,6,6,.268,.318,.469,.787
Omar Narvaez,SEA,C,132,428,63,119,12,0,22,55,0,0,47,92,0,3,4,.278,.353,.460,.813
Raimel Tapia,COL,OF,138,426,54,117,23,5,9,44,9,3,21,100,0,0,0,.275,.309,.415,.724
Marwin Gonzalez,MIN,3B,114,425,52,112,19,0,15,55,1,0,31,98,0,1,6,.264,.322,.414,.736
Niko Goodrum,DET,2B,112,423,61,105,27,5,12,45,12,3,46,138,0,2,1,.248,.322,.421,.743
Harold Ramirez,MIA,OF,119,421,54,116,20,3,11,50,2,1,18,91,0,1,5,.276,.312,.416,.728
Robbie Grossman,OAK,OF,138,420,57,101,21,3,6,38,9,4,59,86,0,2,1,.240,.334,.348,.682
Yadier Molina,STL,C,113,419,45,113,24,0,10,57,6,0,23,58,0,5,5,.270,.312,.399,.711
Brandon Drury,TOR,3B,120,418,43,91,21,1,15,41,0,1,25,113,0,3,1,.218,.262,.380,.642
Teoscar Hernandez,TOR,OF,125,417,58,96,19,2,26,65,6,3,45,153,0,1,1,.230,.306,.472,.778
Brian Dozier,WAS,2B,135,416,54,99,20,0,20,50,3,4,61,105,0,1,4,.238,.340,.430,.770
Matt Carpenter,STL,3B,129,416,59,94,20,2,15,46,6,1,63,129,1,5,7,.226,.334,.392,.726
Adalberto Mondesi,KC,SS,102,415,58,109,20,10,9,62,43,7,19,132,3,6,0,.263,.291,.424,.715
Enrique Hernandez,LAD,2B,130,414,57,98,19,1,17,64,4,0,36,97,0,4,6,.237,.304,.411,.715
Nick Markakis,ATL,OF,116,414,61,118,25,2,9,62,2,0,47,59,0,6,2,.285,.356,.420,.776
Justin Smoak,TOR,1B,121,414,54,86,16,0,22,61,0,0,79,106,0,1,6,.208,.342,.406,.748
Brian Goodwin,LAA,OF,136,413,65,108,29,3,17,47,7,3,38,129,1,3,3,.262,.326,.470,.796
J.D. Davis,NYM,3B,140,410,65,126,22,1,22,57,3,0,38,97,0,2,3,.307,.369,.527,.896
Mark Canha,OAK,OF,126,410,80,112,16,3,26,58,3,2,67,107,0,2,18,.273,.396,.517,.913
Ji-Man Choi,TB,1B,127,410,54,107,20,2,19,63,2,3,64,108,0,7,6,.261,.363,.459,.822
Buster Posey,SF,C,114,405,43,104,24,0,7,38,0,0,34,71,1,1,4,.257,.320,.368,.688
Nicholas Castellanos,DET,OF,100,403,57,110,37,3,11,37,2,1,31,96,0,2,3,.273,.328,.462,.790
Jarrod Dyson,ARI,OF,130,400,65,92,11,2,7,27,30,4,47,86,1,2,2,.230,.313,.320,.633
Andrelton Simmons,LAA,SS,103,398,47,105,19,0,7,40,10,2,24,37,0,0,2,.264,.309,.364,.673
Manuel Margot,SD,OF,151,398,59,93,19,3,12,37,20,4,38,88,3,0,2,.234,.304,.387,.691
Eric Thames,MIL,1B,149,396,67,98,23,2,25,61,3,2,51,140,0,2,10,.247,.346,.505,.851
Gary Sanchez,NYY,C,106,396,62,92,12,1,34,77,0,1,40,125,0,1,9,.232,.316,.525,.841
Dee Gordon,SEA,2B,117,393,36,108,12,6,3,34,22,5,18,61,3,6,1,.275,.304,.359,.663
Kyle Seager,SEA,3B,106,393,55,94,19,1,23,63,2,2,44,86,0,2,4,.239,.321,.468,.789
Brandon Dixon,DET,1B,118,391,41,97,20,4,15,52,5,1,21,136,0,4,4,.248,.290,.435,.725
Robinson Cano,NYM,2B,107,390,46,100,28,0,13,39,0,0,25,69,0,3,5,.256,.307,.428,.735
Maikel Franco,PHI,3B,123,389,48,91,17,0,17,56,0,0,36,61,0,3,0,.234,.297,.409,.706
Roberto Perez,CLE,C,119,389,46,93,9,1,24,63,0,0,45,127,7,4,4,.239,.321,.452,.773
Shohei Ohtani,LAA,DH,106,384,51,110,20,5,18,62,12,3,33,110,0,4,2,.286,.343,.505,.848
David Peralta,ARI,OF,99,382,48,105,29,3,12,57,0,0,35,87,0,1,5,.275,.343,.461,.804
Garrett Cooper,MIA,1B,107,381,52,107,16,1,15,50,0,0,33,110,0,2,5,.281,.344,.446,.790
Miguel Sano,MIN,3B,105,380,76,94,19,2,34,79,0,1,55,159,0,1,3,.247,.346,.576,.922
Anthony Santander,BAL,OF,93,380,46,99,20,1,20,59,1,2,19,86,1,3,2,.261,.297,.476,.773
Nicky Lopez,KC,2B,103,379,44,91,22,2,2,30,1,1,18,51,4,0,1,.240,.276,.325,.601
Aaron Judge,NYY,OF,102,378,75,103,18,1,27,55,3,2,64,141,0,1,3,.272,.381,.540,.921
Melky Cabrera,PIT,OF,133,378,43,106,22,1,7,47,2,0,17,41,1,0,1,.280,.313,.399,.712
Jose Peraza,CIN,2B,141,376,37,90,18,2,6,33,7,6,17,58,0,2,8,.239,.285,.346,.631
Nick Senzel,CIN,OF,104,375,55,96,20,4,12,42,14,5,30,101,0,1,3,.256,.315,.427,.742
David Dahl,COL,OF,100,374,67,113,28,5,15,61,4,4,28,110,2,5,4,.302,.353,.524,.877
Yasiel Puig,CIN,OF,100,373,51,94,15,1,22,61,14,5,23,89,0,3,5,.252,.302,.475,.777
Jake Bauers,CLE,1B,117,372,46,84,16,1,12,43,3,3,45,115,0,3,3,.226,.312,.371,.683
Mike Yastrzemski,SF,OF,107,371,64,101,22,3,21,55,2,4,32,107,1,3,4,.272,.334,.518,.852
Rio Ruiz,BAL,3B,127,370,35,86,13,2,12,46,0,1,40,88,1,2,0,.232,.306,.376,.682
Rowdy Tellez,TOR,1B,111,370,49,84,19,0,21,54,1,1,29,116,0,3,7,.227,.293,.449,.742
Christin Stewart,DET,OF,104,369,32,86,25,1,10,40,0,1,34,103,0,6,7,.233,.305,.388,.693
Robinson Chirinos,HOU,C,114,366,57,87,22,1,17,58,1,2,51,125,2,5,13,.238,.347,.443,.790
Chris Taylor,LAD,2B,124,366,52,96,29,4,12,52,8,0,37,115,2,5,4,.262,.333,.462,.795
Willson Contreras,CHC,C,105,360,57,98,18,2,24,64,1,2,38,102,0,2,9,.272,.355,.533,.888
Tony Wolters,COL,C,121,359,42,94,17,2,1,42,0,1,36,68,2,6,8,.262,.337,.329,.666
Dwight Smith,BAL,OF,101,357,46,86,16,3,13,53,5,1,26,82,1,4,4,.241,.297,.412,.709
Luis Rengifo,LAA,2B,108,357,44,85,18,3,7,33,2,5,40,93,1,3,5,.238,.321,.364,.685
Stephen Piscotty,OAK,OF,93,357,46,89,17,1,13,44,2,0,29,84,1,3,3,.249,.309,.412,.721
Delino DeShields Jr.,TEX,OF,118,357,42,89,15,4,4,32,24,6,38,100,8,2,3,.249,.325,.347,.672
Cavan Biggio,TOR,2B,100,354,66,83,17,2,16,48,14,0,71,123,0,2,2,.234,.364,.429,.793
Harold Castro,DET,2B,97,354,30,103,10,4,5,38,4,2,9,86,2,4,0,.291,.305,.384,.689
Michael Chavis,BOS,2B,95,347,46,88,10,1,18,58,2,1,31,127,0,0,4,.254,.322,.444,.766
Danny Jansen,TOR,C,107,347,41,72,12,1,13,43,0,1,31,79,1,1,4,.207,.279,.360,.639
Harrison Bader,STL,OF,128,347,54,71,14,3,12,39,11,3,46,117,1,2,10,.205,.314,.366,.680
J.P. Crawford,SEA,SS,93,345,43,78,21,4,7,46,5,3,43,83,3,3,2,.226,.313,.371,.684
Joe Panik,SF,2B,103,344,33,81,17,1,3,27,4,2,36,38,1,4,3,.235,.310,.317,.627
Alex Verdugo,LAD,OF,106,343,43,101,22,2,12,44,4,1,26,49,0,6,2,.294,.342,.475,.817
Chad Pinder,OAK,2B,124,341,45,82,21,0,13,47,0,1,20,88,1,3,5,.240,.290,.416,.706
Albert Almora Jr.,CHC,OF,130,339,41,80,11,1,12,32,2,1,16,62,5,2,1,.236,.271,.381,.652
Jesse Winker,CIN,OF,113,338,51,91,17,2,16,38,0,2,38,60,0,0,8,.269,.357,.473,.830
Neil Walker,MIA,1B,115,337,37,88,19,1,8,38,3,0,42,77,0,1,1,.261,.344,.395,.739
Jeimer Candelario,DET,1B,94,335,33,68,17,2,8,32,3,1,43,99,0,1,7,.203,.306,.337,.643
Fernando Tatis Jr.,SD,SS,84,334,61,106,13,6,22,53,16,6,30,110,0,3,5,.317,.379,.590,.969
Jose Martinez,STL,OF,128,334,45,90,13,2,10,42,3,0,35,82,0,2,2,.269,.340,.410,.750
Howie Kendrick,WAS,2B,121,334,61,115,23,1,17,62,2,1,27,49,0,5,4,.344,.395,.572,.967
Stevie Wilkerson,BAL,OF,119,329,41,74,18,2,10,35,3,3,22,108,1,2,7,.225,.286,.383,.669
Ryan O'Hearn,KC,1B,105,328,32,64,13,1,14,38,0,1,39,99,0,2,1,.195,.281,.369,.650
Travis d'Arnaud,TB,C,92,327,50,86,16,0,16,67,0,1,30,80,0,6,2,.263,.323,.459,.782
Tommy Edman,STL,2B,92,326,59,99,17,7,11,36,15,1,16,61,0,0,7,.304,.350,.500,.850
Luis Arraez,MIN,2B,92,326,54,109,20,1,4,28,2,2,36,29,0,3,1,.334,.399,.439,.838
Didi Gregorius,NYY,SS,82,324,47,77,14,2,16,61,2,1,17,53,0,2,1,.238,.276,.441,.717
Asdrubal Cabrera,TEX,2B,93,323,45,76,15,0,12,51,4,0,38,85,0,4,3,.235,.318,.393,.711
Franmil Reyes,SD,OF,99,321,43,82,9,0,27,46,0,0,29,93,0,4,0,.255,.314,.536,.850
John Hicks,DET,C,95,319,29,67,15,0,13,35,1,1,13,109,0,1,0,.210,.240,.379,.619
Curtis Granderson,MIA,OF,138,317,44,58,17,1,12,34,0,3,41,98,0,2,3,.183,.281,.356,.637
Logan Forsythe,TEX,3B,101,317,38,72,17,1,7,39,2,0,44,100,0,2,3,.227,.325,.353,.678
Tucker Barnhart,CIN,C,114,316,32,73,14,0,11,40,1,0,44,83,1,1,2,.231,.328,.380,.708
Carson Kelly,ARI,C,111,314,46,77,19,0,18,47,0,0,48,79,0,1,2,.245,.348,.478,.826
Keston Hiura,MIL,2B,84,314,51,95,23,2,19,49,9,3,25,107,0,1,8,.303,.368,.570,.938
Josh Phegley,OAK,C,106,314,44,75,18,0,12,62,0,1,15,63,2,5,6,.239,.282,.411,.693
Lourdes Gurriel,TOR,OF,84,314,52,87,19,2,20,50,6,4,20,86,1,3,5,.277,.327,.541,.868
Yan Gomes,WAS,C,97,314,36,70,16,0,12,43,2,0,38,84,0,1,5,.223,.316,.389,.705
Yordan Alvarez,HOU,DH,87,313,58,98,26,0,27,78,0,0,52,94,0,2,2,.313,.412,.655,1.067
Austin Hedges,SD,C,102,312,28,55,9,0,11,36,1,0,27,109,2,1,5,.176,.252,.311,.563
Greg Garcia,SD,2B,134,311,52,77,13,4,4,31,0,2,53,83,1,2,5,.248,.364,.354,.718
Mitch Garver,MIN,C,93,311,70,85,16,1,31,67,0,0,41,87,0,2,5,.273,.365,.630,.995
Ben Gamel,MIL,OF,134,311,47,77,18,0,7,33,2,2,40,104,0,2,3,.248,.337,.373,.710
Matt Adams,WAS,1B,111,310,42,70,14,0,20,56,0,0,20,115,0,1,2,.226,.276,.465,.741
Willie Calhoun,TEX,OF,83,309,51,83,14,1,21,48,0,0,23,53,0,2,3,.269,.323,.524,.847
Cheslor Cuthbert,KC,1B,87,309,24,76,14,0,9,40,1,0,19,67,0,0,2,.246,.294,.379,.673
A.J. Pollock,LAD,OF,86,308,49,82,15,1,15,47,5,1,23,74,0,4,7,.266,.327,.468,.795
Chris Davis,BAL,1B,105,307,26,55,9,0,12,36,0,0,39,139,0,3,3,.179,.276,.326,.602
Yandy Diaz,TB,3B,79,307,53,82,20,1,14,38,2,2,35,61,0,4,1,.267,.340,.476,.816
Pedro Severino,BAL,C,96,305,37,76,13,0,13,44,3,1,29,73,1,2,4,.249,.321,.420,.741
Tim Beckham,SEA,SS,88,304,39,72,21,1,15,47,1,3,21,102,0,0,3,.237,.293,.461,.754
Elias Diaz,PIT,C,101,303,31,73,14,0,2,28,0,0,23,56,1,3,2,.241,.296,.307,.603
David Bote,CHC,2B,127,303,47,78,17,0,11,41,5,1,44,93,0,2,7,.257,.362,.422,.784
Garrett Hampson,COL,2B,105,299,40,74,9,4,8,27,15,3,24,88,2,2,0,.247,.302,.385,.687
JaCoby Jones,DET,OF,88,298,39,70,19,3,11,26,7,2,27,94,1,1,6,.235,.310,.430,.740
Mitch Moreland,BOS,1B,91,298,48,75,17,1,19,58,1,0,34,74,0,2,1,.252,.328,.507,.835
Brandon Lowe,TB,2B,82,296,42,80,17,2,17,51,5,0,25,113,0,1,5,.270,.336,.514,.850
Tommy La Stella,LAA,2B,80,292,49,86,8,0,16,44,0,0,20,28,0,0,3,.295,.346,.486,.832
Jake Marisnick,HOU,OF,120,292,46,68,16,3,10,34,10,3,17,95,3,0,6,.233,.289,.411,.700
Eric Sogard,TOR,2B,73,287,45,86,17,2,10,30,6,0,29,47,3,3,1,.300,.363,.477,.840
Hunter Pence,TEX,OF,83,286,53,85,17,1,18,59,6,1,26,69,0,2,2,.297,.358,.552,.910
Richie Martin,BAL,SS,120,283,29,59,8,3,6,23,10,1,14,83,5,1,6,.208,.260,.322,.582
Carlos Correa,HOU,SS,75,280,42,78,16,1,21,59,1,0,35,75,0,4,2,.279,.358,.568,.926
Kurt Suzuki,WAS,C,85,280,37,74,11,0,17,63,0,1,20,36,0,3,6,.264,.324,.486,.810
Brian McCann,ATL,C,85,277,28,69,9,0,12,45,0,0,31,53,0,6,2,.249,.323,.412,.735
Victor Reyes,DET,OF,69,276,29,84,16,5,3,25,9,3,14,64,0,2,0,.304,.336,.431,.767
Ronny Rodriguez,DET,2B,84,276,29,61,12,3,14,43,3,1,13,82,0,5,0,.221,.252,.438,.690
Billy Hamilton,KC,OF,93,275,32,58,12,2,0,12,18,5,25,74,3,2,0,.211,.275,.269,.544
Austin Riley,ATL,OF,80,274,41,62,11,1,18,49,0,2,16,108,0,2,5,.226,.279,.471,.750
Tyler Naquin,CLE,OF,89,274,34,79,19,0,10,34,4,2,14,66,2,2,2,.288,.325,.467,.792
Dawel Lugo,DET,3B,77,273,28,67,11,4,6,26,0,0,8,59,0,4,3,.245,.271,.381,.652
Pablo Sandoval,SF,3B,108,272,42,73,23,0,14,41,1,0,18,67,2,3,1,.268,.313,.507,.820
Byron Buxton,MIN,OF,87,271,48,71,30,4,10,46,14,3,19,68,2,1,2,.262,.314,.513,.827
Tyler Flowers,ATL,C,85,271,36,62,11,3,11,34,0,0,31,105,0,2,6,.229,.319,.413,.732
Mike Zunino,TB,C,90,266,30,44,10,1,9,32,0,0,20,98,0,0,3,.165,.232,.312,.544
Wilmer Flores,ARI,2B,89,265,31,84,18,0,9,37,0,0,15,31,0,1,4,.317,.361,.487,.848
Jose Osuna,PIT,1B,95,261,41,69,20,0,10,36,0,0,18,48,0,4,1,.264,.310,.456,.766
Steven Duggar,SF,OF,73,261,26,61,12,2,4,28,1,4,16,78,0,3,1,.234,.278,.341,.619
Tom Murphy,SEA,C,76,260,32,71,12,1,18,40,2,0,19,87,0,1,1,.273,.324,.535,.859
Mike Tauchman,NYY,OF,87,260,46,72,18,1,13,47,6,0,34,71,0,1,1,.277,.361,.504,.865
Brock Holt,BOS,2B,87,259,38,77,14,2,3,31,1,0,28,57,0,4,4,.297,.369,.402,.771
Juan Lagares,NYM,OF,133,258,38,55,12,1,5,27,4,1,22,75,2,1,2,.213,.279,.326,.605
Ian Kinsler,SD,2B,87,258,28,56,12,0,9,22,2,4,19,54,0,1,3,.217,.278,.368,.646
Jon Berti,MIA,SS,73,256,52,70,14,1,6,24,17,3,24,73,0,1,6,.273,.348,.406,.754
Jordy Mercer,DET,SS,74,256,24,69,16,0,9,22,0,0,13,57,0,0,2,.270,.310,.438,.748
Ronald Guzman,TEX,1B,87,256,34,56,20,0,10,36,1,2,32,87,0,4,3,.219,.308,.414,.722
Stephen Vogt,SF,C,99,255,30,67,24,2,10,40,3,1,20,66,0,4,1,.263,.314,.490,.804
Josh Naylor,SD,OF,94,253,29,63,15,0,8,32,1,1,25,64,0,1,0,.249,.315,.403,.718
Derek Dietrich,CIN,2B,113,251,41,47,8,2,19,43,1,1,28,74,0,1,25,.187,.328,.462,.790
Billy McKinney,TOR,OF,84,251,37,54,14,1,12,28,0,2,19,73,2,2,2,.215,.274,.422,.696
Matt Beaty,LAD,1B,99,249,36,66,19,1,9,46,5,0,17,33,0,0,2,.265,.317,.458,.775
Dylan Moore,SEA,SS,113,247,31,51,14,2,9,28,11,9,25,93,1,0,9,.206,.302,.389,.691
Mitch Haniger,SEA,OF,63,246,46,54,13,1,15,32,4,0,30,81,0,2,5,.220,.314,.463,.777
Martin Prado,MIA,3B,104,245,26,57,9,0,2,15,0,0,12,41,0,3,0,.233,.265,.294,.559
Victor Caratini,CHC,C,95,244,31,65,11,0,11,34,1,0,29,59,0,3,3,.266,.348,.447,.795
Edwin Encarnacion,SEA,1B,65,241,48,58,7,0,21,49,0,1,41,55,0,3,4,.241,.356,.531,.887
Joey Gallo,TEX,OF,70,241,54,61,15,1,22,49,4,2,52,114,1,1,2,.253,.389,.598,.987
Jonathan Lucroy,LAA,C,74,240,28,58,8,1,7,30,0,0,21,39,0,3,4,.242,.310,.371,.681
Cameron Maybin,NYY,OF,82,239,48,68,17,0,11,32,9,6,30,72,0,0,0,.285,.364,.494,.858
Austin Nola,SEA,1B,79,238,37,64,12,1,10,31,1,0,23,63,1,1,4,.269,.342,.454,.796
Martin Maldonado,KC,C,74,238,26,54,15,0,6,17,0,0,17,55,2,1,5,.227,.291,.366,.657
Joey Wendle,TB,2B,75,238,32,55,13,2,3,19,8,3,14,47,0,3,8,.231,.293,.340,.633
Jason Castro,MIN,C,79,237,39,55,9,0,13,30,0,0,33,88,1,1,3,.232,.332,.435,.767
Phillip Ervin,CIN,OF,94,236,30,64,11,7,7,23,4,3,18,63,0,2,4,.271,.331,.466,.797
Leonys Martin,CLE,OF,65,236,32,47,7,0,9,19,4,5,21,78,3,0,4,.199,.276,.343,.619
Hernan Perez,MIL,2B,91,232,29,53,11,0,8,18,5,1,11,66,2,1,0,.228,.262,.379,.641
Johan Camargo,ATL,SS,98,232,31,54,12,1,7,32,1,0,15,43,1,0,0,.233,.279,.384,.663
Greg Allen,CLE,OF,89,231,30,53,9,3,4,27,8,2,11,53,4,1,9,.229,.290,.346,.636
Welington Castillo,CWS,C,72,230,19,48,12,0,12,41,0,0,16,74,0,2,3,.209,.267,.417,.684
Travis Shaw,MIL,3B,86,230,22,36,5,0,7,16,0,0,36,89,0,0,4,.157,.281,.270,.551
Austin Romine,NYY,C,73,228,29,64,12,0,8,35,1,1,10,50,1,1,0,.281,.310,.439,.749
Josh VanMeter,CIN,OF,95,228,33,54,13,1,8,23,9,3,29,56,0,1,2,.237,.327,.408,.735
Jeff Mathis,TEX,C,88,228,17,36,9,0,2,12,1,0,15,87,0,1,0,.158,.209,.224,.433
Adam Engel,CWS,OF,89,227,26,55,10,2,6,26,3,3,14,78,1,0,6,.242,.304,.383,.687
Lewis Brinson,MIA,OF,75,226,15,39,9,1,0,15,1,1,13,74,2,1,6,.173,.236,.221,.457
Francisco Mejia,SD,C,79,226,27,60,11,2,8,22,1,1,13,56,0,1,4,.265,.316,.438,.754
Clint Frazier,NYY,OF,69,225,31,60,14,0,12,38,1,2,16,70,0,3,2,.267,.317,.489,.806
Jordan Luplow,CLE,OF,85,225,42,62,15,1,15,38,3,2,33,61,0,1,2,.276,.372,.551,.923
Gordon Beckham,DET,2B,83,223,29,48,13,2,6,15,3,1,13,68,0,0,4,.215,.271,.372,.643
Adam Haseley,PHI,OF,67,222,30,59,14,0,5,26,4,0,14,60,1,0,5,.266,.324,.396,.720
Jesus Aguilar,MIL,1B,94,222,26,50,9,0,8,34,0,0,31,59,0,4,2,.225,.320,.374,.694
Aaron Hicks,NYY,OF,59,221,41,52,10,0,12,36,1,2,31,72,0,3,0,.235,.325,.443,.768
Andrew McCutchen,PHI,OF,59,219,45,56,12,1,10,29,2,1,43,55,0,0,0,.256,.378,.457,.835
Yonder Alonso,CWS,1B,67,219,23,39,6,0,7,27,0,1,29,53,0,2,1,.178,.275,.301,.576
Justin Upton,LAA,OF,63,219,34,47,8,0,12,40,1,1,32,78,0,5,0,.215,.309,.416,.725
Tyler White,HOU,1B,71,218,16,49,14,0,3,21,0,0,32,74,0,3,0,.225,.320,.330,.650
Ryan Cordell,CWS,OF,97,217,22,48,8,0,7,24,3,1,19,69,6,2,3,.221,.290,.355,.645
Addison Russell,CHC,2B,82,215,25,51,4,1,9,23,2,0,20,58,1,2,3,.237,.308,.391,.699
Luis Urias,SD,2B,71,215,27,48,8,1,4,24,0,1,25,56,0,0,9,.223,.329,.326,.655
Donovan Solano,SF,2B,81,215,27,71,13,1,4,23,0,1,10,49,0,2,1,.330,.360,.456,.816
Austin Barnes,LAD,C,75,212,28,43,12,1,5,25,3,0,23,56,0,2,5,.203,.293,.340,.633
Nicholas Castellanos,CHC,OF,51,212,43,68,21,0,16,36,0,1,10,47,0,1,2,.321,.356,.646,1.002
Tim Locastro,ARI,OF,91,212,38,53,12,2,1,17,17,0,14,44,1,1,22,.250,.357,.340,.697
Aledmys Diaz,HOU,2B,69,210,36,57,12,1,9,40,2,0,26,28,0,6,5,.271,.356,.467,.823
Russell Martin,LAD,C,83,209,29,46,5,0,6,20,1,0,30,60,0,2,8,.220,.337,.330,.667
Grayson Greiner,DET,C,58,208,18,42,5,1,5,19,0,0,13,70,1,1,1,.202,.251,.308,.559
Curt Casali,CIN,C,84,207,24,52,9,0,8,32,0,0,25,59,0,3,1,.251,.331,.411,.742
Daniel Robertson,TB,2B,74,207,23,44,9,1,2,19,2,2,24,59,0,0,6,.213,.312,.295,.607
Aristides Aquino,CIN,OF,56,205,31,53,8,0,19,47,7,0,16,60,0,2,2,.259,.316,.576,.892
Guillermo Heredia,TB,OF,89,204,31,46,13,0,5,20,2,2,18,60,2,1,6,.225,.306,.363,.669
Isiah Kiner-Falefa,TEX,C,65,202,23,48,12,1,1,21,3,0,14,49,1,1,4,.238,.299,.322,.621
Ehire Adrianza,MIN,SS,84,202,34,55,8,3,5,22,0,2,20,40,2,4,6,.272,.349,.416,.765
Ildemaro Vargas,ARI,2B,92,201,25,54,9,1,6,24,1,0,9,24,0,1,0,.269,.299,.413,.712
Matt Joyce,ATL,OF,129,200,32,59,10,0,7,23,0,0,38,45,0,0,0,.295,.408,.450,.858
Ender Inciarte,ATL,OF,65,199,30,49,11,2,5,24,7,1,26,41,0,1,4,.246,.343,.397,.740
Brandon Nimmo,NYM,OF,69,199,34,44,11,1,8,29,3,0,46,71,1,3,5,.221,.375,.407,.782
Jake Cave,MIN,OF,72,198,28,51,11,2,8,25,0,0,21,71,0,1,8,.258,.351,.455,.806
Bo Bichette,TOR,SS,46,196,32,61,18,0,11,21,4,4,14,50,0,1,1,.311,.358,.571,.929
Jacob Stallings,PIT,C,71,191,26,50,5,0,6,13,0,0,16,40,1,0,2,.262,.325,.382,.707
Kevan Smith,LAA,C,67,191,21,48,12,0,5,20,2,0,16,37,0,1,3,.251,.318,.393,.711
Willians Astudillo,MIN,C,58,190,28,51,9,0,4,21,0,0,5,8,0,4,5,.268,.299,.379,.678
Gerardo Parra,WAS,OF,89,188,30,47,11,1,8,42,6,2,11,41,1,1,3,.250,.300,.447,.747
Jake Lamb,ARI,3B,78,187,26,36,8,2,6,30,1,0,32,55,0,2,5,.193,.323,.353,.676
Bubba Starling,KC,OF,56,186,26,40,7,0,4,12,2,0,9,56,1,0,1,.215,.255,.317,.572
Ty France,SD,2B,69,184,20,43,8,1,7,24,0,2,9,49,0,1,7,.234,.294,.402,.696
Kyle Farmer,CIN,2B,97,183,22,42,6,0,9,27,4,1,10,59,0,1,3,.230,.279,.410,.689
Yasiel Puig,CLE,OF,49,182,25,54,15,1,2,23,5,2,21,44,0,1,3,.297,.377,.423,.800
Isan Diaz,MIA,2B,49,179,17,31,5,2,5,23,0,3,19,59,0,1,2,.173,.259,.307,.566
Austin Dean,MIA,OF,64,178,17,40,14,0,6,21,0,2,9,47,1,1,0,.225,.261,.404,.665
Edwin Encarnacion,NYY,1B,44,177,33,44,11,0,13,37,0,0,17,48,0,0,3,.249,.325,.531,.856
Dominic Smith,NYM,1B,89,177,35,50,10,0,11,25,1,2,19,44,0,0,1,.282,.355,.525,.880
Mike Freeman,CLE,2B,75,177,27,49,8,0,4,24,1,2,22,61,6,4,4,.277,.362,.390,.752
Franmil Reyes,CLE,OF,51,173,26,41,10,0,10,35,0,0,18,63,0,3,0,.237,.304,.468,.772
Sandy Leon,BOS,C,65,172,14,33,3,0,5,19,0,0,13,47,4,1,1,.192,.251,.297,.548
Jung Ho Kang,PIT,3B,65,172,15,29,7,1,10,24,0,0,11,60,0,1,1,.169,.222,.395,.617
Yairo Munoz,STL,3B,88,172,20,46,7,1,2,13,8,3,7,37,0,1,1,.267,.298,.355,.653
Ryan Zimmerman,WAS,1B,52,171,20,44,9,0,6,27,0,0,17,39,0,2,0,.257,.321,.415,.736
Will Smith,LAD,C,54,170,30,43,9,0,15,42,2,0,18,52,0,3,5,.253,.337,.571,.908
Ryon Healy,SEA,3B,47,169,24,40,16,0,7,26,0,0,13,40,0,4,1,.237,.289,.456,.745
Travis Demeritte,DET,OF,48,169,24,38,7,2,3,10,3,0,14,63,1,1,1,.225,.286,.343,.629
Daniel Descalso,CHC,2B,82,168,20,29,5,1,2,15,2,1,23,57,1,1,0,.173,.271,.250,.521
Austin Slater,SF,OF,68,168,20,40,9,3,5,21,1,0,22,59,0,0,2,.238,.333,.417,.750
Matt Wieters,STL,C,67,168,15,36,4,0,11,27,1,1,12,47,0,2,1,.214,.268,.435,.703
Eduardo Nunez,BOS,2B,60,167,13,38,7,0,2,20,5,1,4,27,1,2,0,.228,.243,.305,.548
Chance Sisco,BAL,C,59,167,29,35,7,0,8,20,0,1,22,61,0,0,9,.210,.333,.395,.728
Jon Jay,CWS,OF,47,165,12,44,8,0,0,9,0,0,8,30,5,1,3,.267,.311,.315,.626
Jay Bruce,SEA,OF,47,165,27,35,11,0,14,28,1,0,16,53,0,2,1,.212,.283,.533,.816
Alex Avila,ARI,C,63,164,22,34,8,0,9,24,1,0,36,68,0,0,1,.207,.353,.421,.774
Tony Kemp,HOU,2B,66,163,23,37,6,2,7,17,4,3,16,29,1,2,4,.227,.308,.417,.725
David Freese,LAD,3B,79,162,35,51,13,0,11,29,0,0,23,44,0,0,1,.315,.403,.599,1.002
Kevin Plawecki,CLE,C,60,158,13,35,10,0,3,17,0,1,12,31,0,1,3,.222,.287,.342,.629
Manny Pina,MIL,C,76,158,10,36,8,0,7,25,0,0,16,50,0,1,4,.228,.313,.411,.724
Trent Grisham,MIL,OF,51,156,24,36,6,2,6,24,1,0,20,48,0,3,4,.231,.328,.410,.738
Alex Dickerson,SF,OF,56,155,28,45,13,3,6,26,1,1,13,35,0,1,2,.290,.351,.529,.880
Gregory Polanco,PIT,OF,42,153,23,37,8,1,6,17,3,1,12,49,0,0,1,.242,.301,.425,.726
Shed Long,SEA,2B,42,152,21,40,12,1,5,15,3,3,16,40,0,0,0,.263,.333,.454,.787
Nate Lowe,TB,1B,50,152,24,40,8,0,7,19,0,0,13,50,0,2,2,.263,.325,.454,.779
Justin Bour,LAA,1B,52,151,18,26,5,0,8,26,0,0,17,52,0,1,1,.172,.259,.364,.623
Ben Zobrist,CHC,2B,47,150,24,39,5,0,1,17,0,0,23,24,0,2,1,.260,.358,.313,.671
Marco Hernandez,BOS,2B,61,148,18,37,7,0,2,11,1,2,3,42,1,0,3,.250,.279,.338,.617
Matt Thaiss,LAA,3B,53,147,17,31,7,0,8,23,0,0,17,52,0,0,0,.211,.293,.422,.715
Cole Tucker,PIT,SS,56,147,16,31,10,3,2,13,0,0,10,40,1,0,1,.211,.266,.361,.627
Matt Duffy,TB,3B,46,147,12,37,8,0,1,12,0,1,19,29,0,1,2,.252,.343,.327,.670
Jay Bruce,PHI,OF,51,145,16,32,6,0,12,31,0,0,3,29,0,1,0,.221,.235,.510,.745
Charlie Tilson,CWS,OF,54,144,16,33,5,0,1,12,4,0,10,38,0,0,3,.229,.293,.285,.578
Chris Iannetta,COL,C,52,144,20,32,10,0,6,21,0,0,18,54,0,1,1,.222,.311,.417,.728
Sam Travis,BOS,1B,59,144,17,31,4,1,6,16,2,0,11,36,0,1,1,.215,.274,.382,.656
Ryan Goins,CWS,3B,52,144,13,36,6,1,2,10,0,1,17,44,1,0,1,.250,.333,.347,.680
Pablo Reyes,PIT,OF,71,143,18,29,7,2,2,19,1,1,13,36,0,0,1,.203,.274,.322,.596
Mike Ford,NYY,1B,50,143,30,37,7,0,12,25,0,0,17,28,0,0,3,.259,.350,.559,.909
Erik Gonzalez,PIT,SS,53,142,15,36,4,1,1,6,4,1,9,37,3,1,1,.254,.301,.317,.618
Jose Rondon,CWS,2B,55,142,10,28,3,0,3,9,0,0,11,38,1,0,2,.197,.265,.282,.547
Adeiny Hechavarria,NYM,SS,60,142,20,29,7,0,5,18,3,1,8,33,0,0,1,.204,.252,.359,.611
Tyler O'Neill,STL,OF,60,141,18,37,6,0,5,16,1,0,10,53,0,0,0,.262,.311,.411,.722
Ian Happ,CHC,OF,58,140,25,37,7,1,11,30,2,0,15,39,0,1,0,.264,.333,.564,.897
Josh Rojas,ARI,OF,41,138,17,30,7,0,2,16,4,2,18,41,0,0,1,.217,.312,.312,.624
Josh Harrison,DET,2B,36,137,10,24,7,1,1,8,4,2,6,27,0,2,2,.175,.218,.263,.481
Andrew Knapp,PHI,C,74,136,12,29,9,0,2,8,0,0,18,51,3,0,3,.213,.318,.324,.642
Tomas Nido,NYM,C,50,136,9,26,5,0,4,14,0,0,7,37,1,0,0,.191,.231,.316,.547
Mark Reynolds,COL,1B,78,135,13,23,7,0,4,20,2,0,22,57,0,3,2,.170,.290,.311,.601
Charlie Culberson,ATL,OF,108,135,14,35,5,2,5,20,0,1,6,44,1,1,1,.259,.294,.437,.731
Chris Owings,KC,2B,41,135,9,18,4,1,2,9,4,1,8,55,0,0,2,.133,.193,.222,.415
Corey Dickerson,PHI,OF,34,133,13,39,10,2,8,34,0,0,3,33,0,1,0,.293,.307,.579,.886
Meibrys Viloria,KC,C,42,133,7,28,7,0,1,15,0,1,10,44,1,4,0,.211,.259,.286,.545
JT Riddle,MIA,OF,51,132,15,25,6,0,6,12,0,0,5,42,0,0,2,.189,.230,.371,.601
Mike Brosseau,TB,2B,51,132,17,36,7,0,6,16,1,0,7,39,1,0,2,.273,.319,.462,.781
Wilmer Difo,WAS,SS,43,131,15,33,2,0,2,8,0,1,12,29,1,0,0,.252,.315,.313,.628
Tyler Austin,SF,1B,70,130,24,24,2,1,8,20,1,0,17,57,0,0,0,.185,.279,.400,.679
Corey Dickerson,PIT,OF,44,127,20,40,18,0,4,25,1,0,13,23,0,2,0,.315,.373,.551,.924
Odubel Herrera,PHI,OF,39,126,12,28,10,1,1,16,2,2,11,33,0,1,1,.222,.288,.341,.629
Cam Gallagher,KC,C,45,126,14,30,7,0,3,12,0,1,11,28,1,1,3,.238,.312,.365,.677
DJ Stewart,BAL,OF,44,126,15,30,6,0,4,15,1,2,14,26,0,1,1,.238,.317,.381,.698
Asdrubal Cabrera,WAS,2B,38,124,24,40,10,1,6,40,0,0,19,18,0,3,0,.323,.404,.565,.969
Humberto Arteaga,KC,SS,41,122,11,24,4,0,0,4,1,1,8,28,3,0,2,.197,.258,.230,.488
Adam Duvall,ATL,OF,41,120,17,32,4,1,10,19,0,0,7,39,0,1,2,.267,.315,.567,.882
Jose Trevino,TEX,C,40,120,18,31,9,0,2,13,0,0,3,27,1,2,0,.258,.272,.383,.655
Luke Maile,TOR,C,45,119,9,18,2,1,2,9,1,0,8,33,2,0,0,.151,.205,.235,.440
Brad Miller,PHI,3B,66,118,22,31,3,1,12,21,1,0,11,35,0,0,1,.263,.331,.610,.941
Joey Rickard,BAL,OF,42,118,10,24,7,2,2,6,3,2,14,33,0,0,3,.203,.304,.347,.651
Nick Solak,TEX,DH,33,116,19,34,6,1,5,17,2,0,15,29,0,0,4,.293,.393,.491,.884
Bryan Holaday,MIA,C,43,115,12,32,6,0,4,12,0,1,11,21,1,1,1,.278,.344,.435,.779
Jake Rogers,DET,C,35,112,11,14,3,0,4,8,0,0,13,51,2,0,1,.125,.222,.259,.481
Sean Rodriguez,PHI,3B,76,112,24,25,5,0,4,12,1,1,19,41,4,1,3,.223,.348,.375,.723
Tim Lopes,SEA,OF,41,111,11,30,7,0,1,12,6,3,15,29,0,1,1,.270,.359,.360,.719
Francisco Cervelli,PIT,C,34,109,11,21,3,0,1,5,1,0,9,31,1,0,4,.193,.279,.248,.527
Eric Sogard,TB,2B,37,109,14,29,6,0,3,10,2,0,9,16,0,0,1,.266,.328,.404,.732
Kendrys Morales,OAK,1B,34,108,9,22,1,1,1,7,0,0,14,20,0,1,3,.204,.310,.259,.569
Roman Quinn,PHI,OF,44,108,18,23,3,1,4,11,8,0,12,34,1,0,1,.213,.298,.370,.668
Myles Straw,HOU,SS,56,108,27,29,4,2,0,7,8,1,19,24,1,0,0,.269,.378,.343,.721
Freddy Galvis,CIN,2B,32,107,12,25,4,0,5,16,0,1,7,33,0,1,1,.234,.284,.411,.695
Nick Williams,PHI,OF,67,106,9,16,4,0,2,5,0,0,4,43,0,0,2,.151,.196,.245,.441
Rosell Herrera,MIA,OF,63,105,10,21,6,0,2,11,4,1,11,27,1,0,2,.200,.288,.314,.602
Lucas Duda,KC,1B,39,105,7,18,4,0,4,15,0,0,11,32,0,2,1,.171,.252,.324,.576
Carlos Gonzalez,CLE,OF,30,105,13,22,1,0,2,7,0,1,10,33,0,1,1,.210,.282,.276,.558
Mauricio Dubon,SF,2B,28,104,12,29,5,0,4,9,3,1,5,19,0,0,0,.279,.312,.442,.754
Keon Broxton,BAL,OF,37,103,14,21,3,0,4,9,4,1,8,49,1,0,0,.204,.261,.350,.611
Jace Peterson,BAL,OF,29,100,14,22,3,1,2,11,4,1,6,24,0,1,1,.220,.269,.330,.599
Willi Castro,DET,SS,30,100,10,23,6,1,1,8,0,1,6,34,1,1,2,.230,.284,.340,.624
Yonathan Daza,COL,OF,44,97,7,20,1,1,0,3,1,0,7,21,0,1,0,.206,.257,.237,.494
Zack Cozart,LAA,3B,38,97,4,12,2,0,0,7,0,0,5,16,0,3,2,.124,.178,.144,.322
Reese McGuire,TOR,C,30,97,14,29,7,0,5,11,0,0,7,18,0,0,0,.299,.346,.526,.872
Cory Spangenberg,MIL,2B,32,95,11,22,2,2,2,10,3,0,6,36,1,0,0,.232,.277,.358,.635
Tyler Wade,NYY,2B,43,94,16,23,3,1,2,11,7,0,11,28,2,0,1,.245,.330,.362,.692
Joe Panik,NYM,2B,39,94,17,26,4,1,2,12,0,0,7,9,1,0,1,.277,.333,.404,.737
Derek Fisher,TOR,OF,40,93,14,15,2,0,6,12,1,0,14,43,0,0,0,.161,.271,.376,.647
Jesus Aguilar,TB,1B,37,92,13,24,3,0,4,16,0,0,12,22,0,3,0,.261,.336,.424,.760
Max Stassi,HOU,C,31,90,4,15,1,0,1,3,0,0,7,34,0,0,1,.167,.235,.211,.446
Steve Pearce,BOS,1B,29,89,9,16,4,0,1,9,0,0,7,31,0,1,1,.180,.245,.258,.503
Rafael Ortega,ATL,OF,34,88,7,18,3,0,2,10,3,0,8,22,0,0,0,.205,.271,.307,.578
Michael Taylor,WAS,OF,53,88,10,22,7,0,1,3,6,0,7,34,2,0,0,.250,.305,.364,.669
Gerardo Parra,SF,OF,30,86,8,17,3,0,1,6,2,1,8,18,0,1,2,.198,.278,.267,.545
Carlos Gomez,NYM,OF,34,86,10,17,3,0,3,10,4,1,7,30,2,1,3,.198,.278,.337,.615
Zack Collins,CWS,DH,27,86,10,16,3,1,3,12,0,0,14,39,0,0,1,.186,.307,.349,.656
Daniel Palka,CWS,OF,30,84,4,9,0,0,2,4,0,1,8,35,0,0,1,.107,.194,.179,.373
Martin Maldonado,HOU,C,27,84,20,17,4,0,6,10,0,0,13,26,0,0,1,.202,.316,.464,.780
Chris Herrmann,OAK,C,30,84,9,17,3,0,1,8,0,0,9,29,1,0,0,.202,.280,.274,.554
Cesar Puello,MIA,OF,32,84,8,15,2,0,1,6,0,0,7,30,1,0,5,.179,.281,.238,.519
Wilfredo Tovar,LAA,SS,31,83,5,16,5,0,0,5,0,0,5,15,0,0,0,.193,.239,.253,.492
Jonathan Davis,TOR,OF,37,83,8,15,1,0,2,6,3,1,5,24,1,1,5,.181,.266,.265,.531
Tony Kemp,CHC,2B,44,82,8,15,3,2,1,12,0,1,7,18,0,2,2,.183,.258,.305,.563
Nick Martini,SD,OF,26,82,7,20,4,1,0,5,0,0,12,21,0,1,1,.244,.344,.317,.661
Scott Schebler,CIN,OF,30,81,11,10,2,0,2,7,0,1,14,27,0,0,0,.123,.253,.222,.475
Pat Valaika,COL,2B,40,79,11,15,5,1,1,4,0,0,7,34,0,0,0,.190,.256,.316,.572
Jared Walsh,LAA,1B,34,79,6,16,5,1,1,5,0,0,6,35,0,0,2,.203,.276,.329,.605
Nico Hoerner,CHC,SS,20,78,13,22,1,1,3,17,0,0,3,11,0,1,0,.282,.305,.436,.741
Abraham Toro,HOU,3B,25,78,13,17,3,2,2,9,1,1,9,19,0,1,1,.218,.303,.385,.688
Sam Hilliard,COL,OF,27,77,13,21,4,2,7,13,2,0,9,23,0,0,1,.273,.356,.649,1.005
Mac Williamson,SEA,OF,25,77,10,14,0,0,3,10,0,1,9,26,0,0,1,.182,.276,.299,.575
Brendan Rodgers,COL,2B,25,76,8,17,2,0,0,7,0,0,4,27,0,0,1,.224,.272,.250,.522
Ryan McBroom,KC,OF,23,75,8,22,5,0,0,6,0,0,7,25,0,0,1,.293,.361,.360,.721
Gavin Lux,LAD,2B,23,75,12,18,4,1,2,9,2,0,7,24,0,0,0,.240,.305,.400,.705
Seth Brown,OAK,OF,26,75,11,22,8,2,0,13,1,0,7,23,0,0,1,.293,.361,.453,.814
Scott Heineman,TEX,OF,25,75,8,16,6,0,2,7,1,2,9,20,0,0,1,.213,.306,.373,.679
Tim Federowicz,TEX,C,29,75,6,12,2,0,4,7,1,0,5,31,3,0,0,.160,.213,.347,.560
Richard Urena,TOR,SS,30,74,4,18,6,0,0,4,0,0,2,23,3,0,1,.243,.273,.324,.597
Kelvin Gutierrez,KC,3B,20,73,4,19,2,1,1,11,1,0,5,24,0,1,0,.260,.304,.356,.660
Yu Chang,CLE,3B,28,73,8,13,2,1,1,6,0,0,11,22,0,0,0,.178,.286,.274,.560
Yonder Alonso,COL,1B,54,73,11,19,7,0,3,10,0,0,10,17,0,0,1,.260,.357,.479,.836
Yangervis Solarte,SF,2B,28,73,9,15,5,0,1,7,0,0,4,16,1,0,0,.205,.247,.315,.562
Robel Garcia,CHC,2B,31,72,8,15,2,2,5,11,0,0,7,35,0,1,0,.208,.275,.500,.775
Matt Skole,CWS,DH,27,72,7,15,2,0,0,6,0,0,7,31,0,1,0,.208,.275,.236,.511
Kevin Cron,ARI,1B,39,71,12,15,4,0,6,16,0,1,4,28,0,1,2,.211,.269,.521,.790
Kyle Lewis,SEA,OF,18,71,10,19,5,0,6,13,0,0,3,29,0,1,0,.268,.293,.592,.885
Austin Wynns,BAL,C,28,70,8,15,1,0,1,5,0,0,3,14,1,0,0,.214,.247,.271,.518
Nick Hundley,OAK,C,31,70,5,14,3,1,2,5,0,1,2,18,0,0,1,.200,.233,.357,.590
Scooter Gennett,CIN,2B,21,69,4,15,3,0,0,5,0,0,1,20,0,1,1,.217,.236,.261,.497
Dustin Garneau,LAA,C,28,69,11,16,3,0,2,7,0,0,8,18,0,0,4,.232,.346,.362,.708
Austin Hays,BAL,OF,21,68,12,21,6,0,4,13,2,0,7,13,0,0,0,.309,.373,.574,.947
Kyle Tucker,HOU,OF,22,67,15,18,6,0,4,11,5,0,4,20,0,0,1,.269,.319,.537,.856
Blake Swihart,ARI,OF,31,66,9,9,0,0,3,9,0,0,4,29,0,0,0,.136,.186,.273,.459
Phil Gosselin,PHI,OF,44,65,5,17,3,0,0,7,0,0,3,16,0,0,0,.262,.294,.308,.602
Austin Allen,SD,C,34,65,4,14,4,0,0,3,0,0,6,21,0,0,0,.215,.282,.277,.559
Brett Phillips,KC,OF,30,65,7,9,2,0,2,6,3,0,10,23,2,2,0,.138,.247,.262,.509
Tyler Saladino,MIL,SS,28,65,7,8,0,0,2,8,2,0,5,26,0,0,1,.123,.197,.215,.412
Thairo Estrada,NYY,2B,35,64,12,16,3,0,3,12,4,0,3,15,1,0,1,.250,.294,.438,.732
Cedric Mullins,BAL,OF,22,64,7,6,0,2,0,4,1,0,4,14,2,1,3,.094,.181,.156,.337
Scooter Gennett,SF,2B,21,64,11,15,4,0,2,6,0,0,1,21,0,1,1,.234,.254,.391,.645
Jack Mayfield,HOU,SS,26,64,8,10,5,0,2,5,0,0,1,16,0,0,0,.156,.169,.328,.497
Nicky Delmonico,CWS,OF,21,63,6,13,2,0,1,6,0,1,4,25,0,0,1,.206,.265,.286,.551
Kendrys Morales,NYY,1B,19,62,7,11,1,0,1,5,0,0,12,6,0,0,1,.177,.320,.242,.562
John Ryan Murphy,ARI,C,25,62,9,11,3,0,4,7,0,0,6,28,1,0,0,.177,.250,.419,.669
Jesus Sucre,BAL,C,21,62,3,13,2,0,0,3,0,0,4,13,0,0,1,.210,.269,.242,.511
Adeiny Hechavarria,ATL,SS,24,61,14,20,5,1,4,15,0,0,6,15,0,1,2,.328,.400,.639,1.039
Luis Guillorme,NYM,2B,45,61,8,15,4,0,1,3,0,0,7,14,2,0,0,.246,.324,.361,.685
Yadiel Rivera,MIA,SS,34,60,8,11,2,0,0,3,2,0,6,20,0,0,0,.183,.258,.217,.475
Matt Kemp,CIN,OF,20,60,4,12,2,0,1,5,0,0,1,19,0,1,0,.200,.210,.283,.493
Giancarlo Stanton,NYY,OF,18,59,8,17,3,0,3,13,0,0,12,24,0,1,0,.288,.403,.492,.895
Franklin Barreto,OAK,2B,23,57,6,7,2,0,2,5,1,0,1,23,0,0,0,.123,.138,.263,.401
Sheldon Neuse,OAK,2B,25,56,3,14,3,0,0,7,0,0,4,19,0,1,0,.250,.295,.304,.599
Braden Bishop,SEA,OF,27,56,3,6,0,0,0,4,0,0,3,21,1,0,0,.107,.153,.107,.260
LaMonte Wade,MIN,OF,26,56,10,11,2,1,2,5,0,1,11,9,0,0,2,.196,.348,.375,.723
Kyle Higashioka,NYY,C,18,56,8,12,5,0,3,11,0,0,0,26,0,1,0,.214,.211,.464,.675
Nick Dini,KC,C,20,56,11,11,3,0,2,6,0,0,4,18,1,1,2,.196,.270,.357,.627
Jedd Gyorko,STL,3B,38,56,5,11,0,0,2,7,2,0,6,14,0,0,0,.196,.274,.304,.578
Josh Fuentes,COL,1B,24,55,8,12,1,0,3,7,1,0,1,20,0,0,0,.218,.232,.400,.632
Kris Negron,LAD,OF,30,54,9,14,1,0,2,7,0,1,3,17,0,0,0,.259,.298,.389,.687
Isaac Galloway,MIA,OF,19,54,6,9,1,0,0,1,2,0,0,17,0,0,0,.167,.167,.185,.352
Sean Murphy,OAK,C,20,53,14,13,5,0,4,8,0,0,6,16,0,0,1,.245,.333,.566,.899
Jonathan Lucroy,CHC,C,27,53,2,10,2,0,1,6,0,0,6,12,0,0,1,.189,.283,.283,.566
Derek Fisher,HOU,OF,17,53,9,12,2,1,1,5,4,1,7,14,0,0,0,.226,.317,.358,.675
Andrew Knizner,STL,C,18,53,7,12,2,0,2,7,2,0,4,14,0,0,1,.226,.293,.377,.670
Keon Broxton,SEA,OF,29,52,5,6,0,0,2,5,2,4,8,33,0,2,1,.115,.238,.231,.469
Terrance Gore,KC,OF,37,51,13,14,2,1,0,1,13,5,6,18,0,0,1,.275,.362,.353,.715
Mac Williamson,SF,OF,15,51,3,6,1,0,1,7,2,0,5,18,0,0,1,.118,.211,.196,.407
Christian Arroyo,TB,3B,16,50,8,11,2,0,2,7,0,0,5,18,1,0,1,.220,.304,.380,.684
Joey Rickard,SF,OF,26,50,4,14,2,0,1,4,1,0,4,17,0,0,0,.280,.333,.380,.713
Keon Broxton,NYM,OF,34,49,5,7,1,0,0,2,4,1,4,22,0,0,0,.143,.208,.163,.371
Hanley Ramirez,CLE,DH,16,49,4,9,1,0,2,8,0,0,8,17,0,0,0,.184,.298,.327,.625
Anthony Bemboom,LAA,C,22,49,2,5,0,0,1,3,0,0,1,19,1,0,0,.102,.120,.163,.283
Gorkys Hernandez,BOS,OF,20,49,5,7,1,2,0,2,1,0,5,14,2,1,0,.143,.218,.245,.463
Kyle Garlick,LAD,OF,30,48,8,12,4,0,3,6,0,0,5,19,0,0,0,.250,.321,.521,.842
Chad Wallach,MIA,C,19,48,4,12,3,0,1,3,0,0,6,12,0,0,0,.250,.333,.375,.708
Edwin Rios,LAD,1B,28,47,10,13,2,1,4,8,0,0,9,21,0,0,0,.277,.393,.617,1.010
Miguel Andujar,NYY,DH,12,47,1,6,0,0,0,1,0,0,1,11,0,1,0,.128,.143,.128,.271
J.B. Shuck,PIT,OF,27,47,4,10,0,1,0,2,1,1,8,10,1,0,1,.213,.339,.255,.594
Jake Elmore,PIT,OF,20,47,3,10,1,0,0,4,0,1,2,8,0,0,0,.213,.245,.234,.479
Michael Perez,TB,C,22,46,6,10,5,0,0,2,0,0,8,19,0,0,1,.217,.345,.326,.671
Chris Owings,BOS,2B,26,45,4,7,2,0,1,5,1,1,6,23,0,0,0,.156,.255,.267,.522
Bobby Bradley,CLE,DH,15,45,4,8,5,0,1,4,0,0,4,20,0,0,0,.178,.245,.356,.601
Bobby Wilson,DET,C,15,44,2,4,1,0,0,2,0,0,2,11,1,0,0,.091,.130,.114,.244
Dustin Peterson,DET,OF,17,44,3,10,4,0,0,6,1,0,2,14,0,0,1,.227,.277,.318,.595
AJ Reed,CWS,DH,14,44,1,6,0,0,1,4,0,0,4,21,0,1,0,.136,.204,.205,.409
Peter Bourjos,LAA,OF,26,44,4,4,1,0,0,2,2,0,1,15,0,1,0,.091,.109,.114,.223
Alen Hanson,TOR,2B,18,43,5,7,0,0,0,4,1,0,3,17,0,1,1,.163,.229,.163,.392
Drew Butera,COL,C,16,43,6,7,3,0,0,3,0,0,4,14,1,1,0,.163,.229,.233,.462
Brian O'Grady,CIN,OF,28,42,4,8,2,1,2,3,0,0,4,17,0,0,2,.190,.292,.429,.721
Max Stassi,LAA,C,20,42,3,3,0,0,0,2,0,0,5,15,0,2,0,.071,.163,.071,.234
Taylor Ward,LAA,OF,20,42,4,8,3,0,1,2,0,0,6,23,0,0,0,.190,.292,.333,.625
Kevin Kramer,PIT,OF,22,42,5,7,1,0,0,5,0,1,6,17,0,2,0,.167,.260,.190,.450
Peter O'Brien,MIA,OF,14,42,2,7,1,0,1,4,1,0,4,19,0,0,1,.167,.255,.262,.517
Jaylin Davis,SF,OF,17,42,2,7,0,0,1,3,1,2,3,11,0,0,2,.167,.255,.238,.493
Aramis Garcia,SF,C,18,42,5,6,1,0,2,5,0,0,4,21,0,0,0,.143,.217,.310,.527
Cesar Puello,LAA,OF,12,41,6,16,3,0,3,12,0,0,3,8,0,0,6,.390,.500,.683,1.183
Billy Hamilton,ATL,OF,26,41,9,11,2,0,0,3,4,1,7,13,0,0,0,.268,.375,.317,.692
Eric Stamets,CLE,SS,15,41,4,2,1,0,0,2,0,0,5,24,1,1,0,.049,.149,.073,.222
Carlos Gonzalez,CHC,OF,15,40,8,7,2,0,1,3,0,2,8,19,0,1,0,.175,.306,.300,.606
Magneuris Sierra,MIA,OF,15,40,5,14,1,1,0,1,3,3,2,7,0,0,0,.350,.381,.425,.806
Jake Fraley,SEA,OF,12,40,3,6,2,0,0,1,0,0,0,14,0,0,1,.150,.171,.200,.371
Danny Mendick,CWS,SS,16,39,6,12,0,0,2,4,0,0,1,11,0,0,0,.308,.325,.462,.787
Dom Nunez,COL,C,16,39,4,7,3,0,2,4,0,0,3,17,0,1,0,.179,.233,.410,.643
Rangel Ravelo,STL,1B,29,39,4,8,2,0,2,7,0,0,3,12,0,1,0,.205,.256,.410,.666
Socrates Brito,TOR,OF,17,39,5,3,0,1,0,2,0,0,4,17,0,0,0,.077,.163,.128,.291
Carter Kieboom,WAS,SS,11,39,4,5,0,0,2,2,0,0,4,16,0,0,0,.128,.209,.282,.491
Lane Thomas,STL,OF,34,38,6,12,0,1,4,12,1,1,4,8,0,0,2,.316,.409,.684,1.093
Caleb Joseph,ARI,C,20,38,5,8,2,0,0,3,0,0,1,10,1,0,1,.211,.250,.263,.513
Corban Joseph,OAK,2B,11,37,4,7,2,0,1,5,0,0,2,5,0,1,0,.189,.225,.324,.549
Brad Miller,CLE,3B,13,36,4,9,3,0,1,4,1,0,4,10,0,0,0,.250,.325,.417,.742
Jason Martin,PIT,OF,20,36,5,9,2,0,0,2,2,0,4,10,0,0,0,.250,.325,.306,.631
Jedd Gyorko,LAD,3B,24,36,1,5,1,0,0,2,0,0,3,10,0,0,0,.139,.205,.167,.372
Michael Hermosillo,LAA,OF,18,36,7,5,1,1,0,3,2,0,5,19,0,1,4,.139,.304,.222,.526
Mark Zagunis,CHC,OF,30,36,2,9,3,0,0,5,0,0,4,16,0,0,0,.250,.325,.333,.658
Alex Blandino,CIN,2B,23,36,6,9,1,0,1,3,0,0,10,14,0,2,2,.250,.420,.361,.781
Garrett Stubbs,HOU,C,19,35,8,7,3,0,0,2,1,0,4,7,0,0,0,.200,.282,.286,.568
Greg Bird,NYY,1B,10,35,6,6,0,0,1,1,0,0,6,16,0,0,0,.171,.293,.257,.550
Logan Morrison,PHI,1B,29,35,5,7,1,0,2,3,0,0,3,10,0,0,0,.200,.263,.400,.663
Erik Kratz,SF,C,15,32,1,4,2,0,1,3,0,0,2,6,0,0,2,.125,.222,.281,.503
Max Moroff,CLE,2B,20,32,3,4,1,0,1,4,1,0,2,16,1,0,0,.125,.176,.250,.426
Francisco Cervelli,ATL,C,14,32,4,9,5,1,2,7,0,0,4,10,0,0,1,.281,.378,.688,1.066
Breyvic Valera,NYY,2B,12,32,5,7,1,1,0,3,0,0,4,5,0,0,1,.219,.324,.313,.637
Adrian Sanchez,WAS,3B,28,31,3,7,0,0,0,1,0,0,1,10,0,0,0,.226,.250,.226,.476
Abraham Almonte,ARI,OF,17,31,11,9,3,1,1,4,0,0,7,8,0,0,0,.290,.421,.548,.969
Aaron Altherr,NYM,OF,26,31,6,4,1,0,1,2,0,0,2,15,0,1,1,.129,.200,.258,.458
Seth Mejias-Brean,SD,1B,14,30,3,7,2,0,2,5,0,0,3,9,0,0,0,.233,.303,.500,.803
Mason Williams,BAL,OF,11,30,4,8,1,0,0,2,1,0,3,6,0,1,0,.267,.324,.300,.624
Andrew Stevenson,WAS,OF,30,30,4,11,1,1,0,0,0,1,6,11,0,0,1,.367,.486,.467,.953
Mark Trumbo,BAL,DH,12,29,1,5,3,0,0,3,0,0,2,5,0,0,0,.172,.226,.276,.502
Aaron Altherr,PHI,OF,22,29,2,1,1,0,0,1,0,0,1,9,0,0,0,.034,.067,.069,.136
Anthony Alford,TOR,OF,16,28,3,5,0,0,1,1,2,0,1,11,0,0,1,.179,.233,.286,.519
Patrick Wisdom,TEX,1B,9,26,1,4,1,0,0,1,0,0,1,15,1,0,0,.154,.185,.192,.377
Blake Swihart,BOS,OF,12,26,4,6,1,0,1,4,0,0,2,7,0,0,1,.231,.310,.385,.695
Domingo Leyba,ARI,2B,21,25,6,7,2,1,0,5,0,0,4,9,0,1,0,.280,.367,.440,.807
Kaleb Cowart,LAA,3B,9,25,1,4,3,0,0,1,1,0,1,7,0,0,0,.160,.192,.280,.472
Rajai Davis,NYM,OF,29,25,4,5,2,0,1,8,0,1,1,5,0,0,0,.200,.231,.400,.631
Ryan Court,SEA,1B,12,24,1,5,1,0,1,5,0,0,1,11,0,0,0,.208,.240,.375,.615
Mike Gerber,SF,OF,12,24,0,1,1,0,0,0,0,0,2,15,0,0,0,.042,.115,.083,.198
Beau Taylor,OAK,C,10,23,3,4,0,0,2,2,0,0,4,6,0,0,1,.174,.321,.435,.756
Ryan LaMarre,MIN,OF,14,23,3,5,0,0,2,3,1,1,3,5,0,0,0,.217,.308,.478,.786
Kris Negron,SEA,OF,10,23,3,5,0,0,0,1,1,0,2,9,0,0,0,.217,.280,.217,.497
Mikie Mahtook,DET,OF,9,23,0,0,0,0,0,0,0,0,2,11,0,0,0,.000,.080,.000,.080
Travis d'Arnaud,NYM,C,10,23,2,2,0,0,0,2,0,0,2,5,0,0,0,.087,.160,.087,.247
Erick Mejia,KC,OF,9,22,3,5,1,0,0,4,0,0,4,7,0,1,0,.227,.333,.273,.606
Tyler White,LAD,1B,12,22,2,1,0,0,0,2,0,0,4,4,0,0,0,.045,.192,.045,.237
Cristhian Adames,SF,2B,10,22,1,7,1,0,0,2,0,0,2,8,0,0,0,.318,.375,.364,.739
Travis Jankowski,SD,OF,25,22,4,4,0,0,0,0,2,2,2,4,0,0,0,.182,.250,.182,.432
Ryan Flaherty,CLE,3B,14,21,4,3,2,0,0,1,0,0,0,7,1,0,0,.143,.143,.238,.381
Tzu-Wei Lin,BOS,2B,13,20,3,4,2,0,0,1,1,1,2,6,0,0,0,.200,.273,.300,.573
Dustin Pedroia,BOS,2B,6,20,1,2,0,0,0,1,0,0,1,2,0,0,0,.100,.143,.100,.243
Jorge Bonifacio,KC,OF,5,20,3,7,3,0,0,3,0,0,1,7,0,0,0,.350,.381,.500,.881
Tyler Austin,MIL,1B,17,20,5,4,2,0,1,4,1,0,6,7,0,1,0,.200,.370,.450,.820
Randy Arozarena,STL,OF,19,20,4,6,1,0,1,2,2,1,2,4,0,0,1,.300,.391,.500,.891
Alex Dickerson,SD,OF,12,19,1,3,0,0,0,2,0,0,0,7,0,0,0,.158,.158,.158,.316
Ryan Lavarnway,CIN,C,5,18,4,5,2,0,2,7,0,0,1,5,0,0,0,.278,.316,.722,1.038
Juan Graterol,CIN,C,6,18,1,4,0,0,0,1,0,0,0,4,0,0,0,.222,.222,.222,.444
Taylor Davis,CHC,C,7,18,2,3,0,0,1,4,0,0,2,4,0,0,0,.167,.250,.333,.583
Chris Shaw,SF,1B,16,18,0,1,0,0,0,0,0,0,2,8,0,0,0,.056,.150,.056,.206
Dustin Garneau,OAK,C,7,17,3,5,2,0,1,7,0,0,2,4,0,0,0,.294,.368,.588,.956
Jose Pirela,PHI,OF,12,17,1,4,1,0,1,2,0,0,2,4,0,0,0,.235,.316,.471,.787
Rene Rivera,NYM,C,9,17,2,4,0,0,1,3,0,0,3,4,0,0,0,.235,.350,.412,.762
Erik Kratz,TB,C,6,17,0,1,0,0,0,0,0,0,0,8,0,0,0,.059,.059,.059,.118
Ian Miller,MIN,OF,12,17,2,3,1,0,0,1,0,0,0,3,0,0,0,.176,.176,.235,.411
Ronald Torreyes,MIN,SS,7,16,3,3,0,0,0,1,1,0,0,3,0,0,1,.188,.235,.188,.423
Corban Joseph,SF,2B,8,16,0,1,0,0,0,2,0,0,1,6,0,0,0,.063,.118,.063,.181
Donnie Walton,SEA,SS,7,16,2,3,0,0,0,2,0,1,3,5,0,0,0,.188,.316,.188,.504
Eric Haase,CLE,C,10,16,1,1,0,0,1,3,0,0,1,8,0,0,0,.063,.118,.250,.368
Kevin Pillar,TOR,OF,5,16,1,1,0,0,0,1,0,0,0,3,0,1,0,.063,.059,.063,.122
Rocky Gale,LAD,C,5,15,1,2,0,0,0,0,0,0,0,7,0,0,0,.133,.133,.133,.266
Breyvic Valera,TOR,2B,5,15,2,4,1,0,1,3,0,0,0,2,0,0,0,.267,.267,.533,.800
Frank Schwindel,KC,1B,6,15,0,1,0,0,0,0,0,0,0,2,0,0,0,.067,.067,.067,.134
Juan Centeno,BOS,C,7,15,0,2,0,0,0,2,1,0,2,2,0,0,1,.133,.278,.133,.411
Franchy Cordero,SD,OF,9,15,2,5,1,0,0,1,1,0,4,7,0,1,0,.333,.450,.400,.850
Connor Joe,SF,OF,8,15,1,1,0,0,0,0,0,0,1,5,0,0,0,.067,.125,.067,.192
Luis Torrens,SD,C,7,14,2,3,1,0,0,0,0,0,2,6,0,0,0,.214,.313,.286,.599
Kean Wong,TB,2B,6,14,1,3,0,0,0,0,0,1,0,5,0,0,0,.214,.214,.214,.428
Zach Green,SF,3B,8,14,1,2,1,0,0,1,0,0,2,6,0,0,0,.143,.250,.214,.464
Alex Jackson,ATL,C,4,13,0,0,0,0,0,0,0,0,1,5,0,0,1,.000,.133,.000,.133
Bradley Zimmer,CLE,OF,9,13,1,0,0,0,0,0,0,0,1,7,0,0,0,.000,.071,.000,.071
David Freitas,MIL,C,16,13,1,1,0,0,0,0,0,0,3,5,0,0,0,.077,.250,.077,.327
Seby Zavala,CWS,C,5,12,1,1,0,0,0,0,0,0,0,9,0,0,0,.083,.083,.083,.166
Andrew Velazquez,TB,SS,10,12,2,1,1,0,0,0,0,0,0,6,0,0,0,.083,.083,.167,.250
Jarrett Parker,LAA,OF,5,12,1,0,0,0,0,0,0,0,3,8,0,0,0,.000,.200,.000,.200
Jake Noll,WAS,1B,8,12,1,2,1,0,0,2,0,0,1,4,0,0,0,.167,.231,.250,.481
Raudy Read,WAS,C,6,11,0,1,0,0,0,0,0,0,0,5,0,0,0,.091,.091,.091,.182
Troy Tulowitzki,NYY,SS,5,11,1,2,1,0,1,1,0,0,2,4,0,0,0,.182,.308,.545,.853
Andrew Velazquez,CLE,SS,5,11,1,1,1,0,0,0,1,0,1,7,0,0,0,.091,.167,.182,.349
Martin Maldonado,CHC,C,4,11,0,0,0,0,0,0,0,0,2,5,0,0,0,.000,.154,.000,.154
Tyler Heineman,MIA,C,5,11,1,3,1,0,1,2,0,0,0,4,1,0,0,.273,.273,.636,.909
Nick Martini,OAK,OF,6,11,1,1,0,0,1,2,0,0,2,5,0,0,0,.091,.231,.364,.595
Corban Joseph,PIT,2B,9,11,1,2,1,0,0,0,0,0,0,1,0,0,0,.182,.182,.273,.455
Steve Baron,PIT,C,7,10,0,2,1,0,0,1,0,0,0,6,0,0,0,.200,.200,.300,.500
Skye Bolt,OAK,OF,5,10,1,1,1,0,0,0,0,0,1,3,0,0,0,.100,.182,.200,.382
Tyrone Taylor,MIL,OF,15,10,1,4,2,0,0,1,0,0,1,1,0,0,1,.400,.500,.600,1.100
Ruben Tejada,NYM,SS,6,9,1,0,0,0,0,0,0,0,0,3,0,0,0,.000,.000,.000,.000
Deivy Grullon,PHI,C,4,9,0,1,1,0,0,1,0,0,0,2,0,0,0,.111,.111,.222,.333
Michael Reed,SF,OF,4,8,0,0,0,0,0,0,0,0,0,6,0,0,0,.000,.000,.000,.000
Edmundo Sosa,STL,2B,8,8,2,2,0,0,0,0,1,0,1,2,0,0,1,.250,.400,.250,.650
Drew Robinson,STL,OF,5,7,1,1,0,0,0,0,0,0,0,3,0,0,0,.143,.143,.143,.286
Abiatal Avelino,SF,SS,4,7,0,2,0,0,0,1,0,0,1,3,0,0,0,.286,.375,.286,.661
Jed Lowrie,NYM,2B,9,7,0,0,0,0,0,0,0,0,1,4,0,0,0,.000,.125,.000,.125
Wilkin Castillo,MIA,C,2,7,0,1,1,0,0,2,0,0,0,3,0,0,0,.143,.143,.286,.429
Jacob Nottingham,MIL,C,9,6,1,2,0,0,1,4,0,0,0,2,0,0,1,.333,.429,.833,1.262
Nick Ciuffo,TB,C,3,6,0,1,0,0,0,0,0,0,0,3,0,0,0,.167,.167,.167,.334
Christian Colon,CIN,2B,8,6,1,3,0,0,0,1,0,0,0,0,0,0,2,.500,.625,.500,1.125
Yasmany Tomas,ARI,DH,4,6,0,0,0,0,0,0,0,0,0,3,0,0,0,.000,.000,.000,.000
Ichiro Suzuki,SEA,OF,2,5,0,0,0,0,0,0,0,0,1,1,0,0,0,.000,.167,.000,.167
Anthony Bemboom,TB,C,3,5,0,2,1,0,0,1,0,0,0,2,0,0,0,.400,.400,.600,1.000
Jim Adduci,CHC,OF,2,5,0,0,0,0,0,0,0,0,0,3,0,0,0,.000,.000,.000,.000
Deven Marrero,MIA,SS,5,5,0,0,0,0,0,0,0,0,0,3,0,0,0,.000,.000,.000,.000
Jose Pirela,SD,OF,2,5,0,0,0,0,0,0,0,0,0,3,0,0,0,.000,.000,.000,.000
Sam Haggerty,NYM,2B,11,4,2,0,0,0,0,0,0,0,0,3,0,0,0,.000,.000,.000,.000
Tyler Austin,MIN,1B,2,4,1,1,1,0,0,0,0,0,1,3,0,0,0,.250,.400,.500,.900
Kean Wong,LAA,2B,1,4,1,0,0,0,0,0,0,0,0,1,0,0,0,.000,.000,.000,.000
Johnny Davis,TB,OF,8,4,5,1,0,1,0,0,0,0,0,2,0,0,0,.250,.250,.750,1.000
Drew Jackson,BAL,OF,3,3,0,0,0,0,0,0,0,0,1,1,0,0,0,.000,.250,.000,.250
David Freitas,SEA,C,1,2,1,0,0,0,0,1,0,0,1,0,0,1,0,.000,.250,.000,.250
Beau Taylor,TOR,C,1,2,0,0,0,0,0,0,0,0,0,1,0,0,0,.000,.000,.000,.000
Mitch Walding,PHI,3B,2,2,0,0,0,0,0,0,0,0,0,2,0,0,0,.000,.000,.000,.000
Noel Cuevas,COL,OF,1,2,0,0,0,0,0,0,0,0,0,0,0,0,0,.000,.000,.000,.000
Mauricio Dubon,MIL,2B,2,2,0,0,0,0,0,0,0,0,0,1,0,0,0,.000,.000,.000,.000
Tres Barrera,WAS,C,2,2,0,0,0,0,0,0,0,0,0,0,0,0,0,.000,.000,.000,.000
Joe Hudson,STL,C,1,1,0,0,0,0,0,0,0,0,0,1,0,0,0,.000,.000,.000,.000
Travis d'Arnaud,LAD,C,1,1,0,0,0,0,0,0,0,0,0,0,0,0,0,.000,.000,.000,.000
Dylan Cozens,PHI,OF,1,1,0,0,0,0,0,0,0,0,0,0,0,0,0,.000,.000,.000,.000
John Ryan Murphy,ATL,C,1,1,0,0,0,0,0,0,0,0,0,0,0,0,0,.000,.000,.000,.000
Jose Rondon,BAL,2B,1,1,0,0,0,0,0,0,0,0,0,0,0,0,0,.000,.000,.000,.000
Rob Brantly,PHI,C,1,1,0,0,0,0,0,0,0,0,0,1,0,0,0,.000,.000,.000,.000
Aaron Altherr,SF,OF,1,1,0,0,0,0,0,0,0,0,0,1,0,0,0,.000,.000,.000,.000
